2.379191725208682939e+01
2.213539603578157511e+01
1.790298153133958792e+01
1.265119554149700676e+01
7.793281738358390776e+00
4.049620942114686706e+00
1.566221911662163180e+00
3.580037610126138858e-01
5.789276281556716697e-01
2.355924742738393363e+00
5.363777526822542718e+00
8.585405505033339324e+00
1.060359568719254852e+01
1.039516717679185476e+01
8.035418865783253040e+00
4.625139181535208088e+00
1.581223352443657859e+00
0.000000000000000000e+00
4.464294759762319487e-01
3.019822014455233905e+00
7.418033492017458208e+00
1.287408944469917316e+01
1.808982184950599503e+01
2.146648489445500729e+01
2.180330839327275783e+01
1.907730050926173249e+01
1.450785177796042191e+01
9.770566603432030206e+00
6.136463247440045343e+00
4.164856302524360565e+00
3.927882905673052427e+00
5.378211809174069380e+00
8.478289127912180589e+00
1.297656571861143249e+01
1.804258717822875013e+01
2.218458433062193791e+01
2.379191725620744791e+01
