2.604427227400235978e+01
2.444344704039433225e+01
2.031544502032905797e+01
1.521622538674169078e+01
1.053127257546034024e+01
6.956289382282116129e+00
4.615133395894411628e+00
3.510782744564540536e+00
3.798953131990002063e+00
5.614439151979839338e+00
8.637579102464862046e+00
1.185040073462348964e+01
1.382324212334631319e+01
1.350678412685961760e+01
1.093181631850464974e+01
7.135178907276560345e+00
3.452683728450502088e+00
8.996477477732234274e-01
0.000000000000000000e+00
8.996477469709098784e-01
3.452683728456601209e+00
7.135178903884489721e+00
1.093181631838113965e+01
1.350676355877397761e+01
1.382324212334084024e+01
1.185040073689666684e+01
8.637579102468833980e+00
5.614439151998125155e+00
3.798953131989730281e+00
3.510782744564527214e+00
4.615133395891268364e+00
6.956291934815061140e+00
1.053127257545828321e+01
1.521622538674998637e+01
2.031544502032553723e+01
2.444344704039372118e+01
2.604427265727383300e+01
