2.449717117477005957e+01
2.342009450846504137e+01
1.895430494403840527e+01
1.329619511775780971e+01
8.028718948403755107e+00
4.167971768928092402e+00
1.586325440715134150e+00
3.727054659698936234e-01
5.091238744146178163e-01
2.185959036388149812e+00
5.173853717267236973e+00
8.397032262808327374e+00
1.042966158590716219e+01
1.024134509668939153e+01
7.860925638787195524e+00
4.452002523644711829e+00
1.440201572200382252e+00
0.000000000000000000e+00
8.732856234925403527e-01
3.181829840255299580e+00
7.901036400385352820e+00
1.300367266494449048e+01
1.808753261514648614e+01
2.166530915237957089e+01
2.179856200472865169e+01
1.936523832764115838e+01
1.491782328546542935e+01
9.894189508560311097e+00
7.859606905863836701e+00
4.629683918654047048e+00
4.429110700276160273e+00
5.793849844559604279e+00
9.035726192982801663e+00
1.368955964532395519e+01
1.885604287397070067e+01
2.306256778162912724e+01
2.486481875035804734e+01
