2.133721501602236259e+01
2.004793672035910745e+01
1.645663480448652294e+01
1.148138279105784854e+01
6.342926602761586707e+00
2.229152719313359565e+00
5.605199954683559582e-04
0.000000000000000000e+00
1.991376022699121062e+00
5.241139737617681149e+00
8.713883518888158264e+00
1.134216104962903593e+01
1.232228688721831666e+01
1.135711017146461543e+01
8.751632038906585365e+00
5.316887339873327178e+00
2.124976869107671806e+00
2.094005487582424330e-01
2.933700324061097042e-01
2.599266306876863108e+00
6.768652948974345662e+00
1.191604469608719441e+01
1.682058516124659420e+01
2.023764090503321356e+01
2.126156616535546817e+01
1.961911515878537671e+01
1.576642101990967504e+01
1.074798958755585154e+01
5.888623650731359405e+00
2.448612554613268433e+00
1.316985860179633594e+00
2.789459569023504670e+00
6.482573872625396305e+00
1.143789127186298771e+01
1.637012689557056078e+01
1.999007988334084018e+01
2.133721541456498727e+01
