2.259230286773381380e+01
2.128767669351552883e+01
1.779934377565194126e+01
1.296808945634013632e+01
7.875025483502685830e+00
3.910199402799039436e+00
1.821473010746775589e+00
1.902254037599355740e+00
3.977143318375094605e+00
7.266528348265984150e+00
1.078035593659400782e+01
1.344244670925037077e+01
1.444409163256773709e+01
1.346642118360612450e+01
1.078628524641486308e+01
7.150458302935508215e+00
3.553351121527080547e+00
9.481663520773645493e-01
0.000000000000000000e+00
9.481662954187157766e-01
3.553351114156229951e+00
7.150458186738989141e+00
1.078628523854851551e+01
1.346642120109661889e+01
1.444409164696894088e+01
1.344244667367049928e+01
1.078035594680804365e+01
7.266528344784191518e+00
3.977143337269888335e+00
1.902253998976500382e+00
1.821473008376370384e+00
3.910199402058150309e+00
7.875025483490308176e+00
1.296808968726386979e+01
1.779934377557666281e+01
2.128767669351080016e+01
2.259230285873471189e+01
