2.255762080446118034e+01
2.127141465038337032e+01
1.774934545556578769e+01
1.289270900960084454e+01
7.896960063604217872e+00
3.922963024200636362e+00
1.813190403153832619e+00
1.902941287815292259e+00
3.960882232021781579e+00
7.261981167440965557e+00
1.077783776027465024e+01
1.344199121086283100e+01
1.444411590443116289e+01
1.346843467878860601e+01
1.078519052719564364e+01
7.148350744218541664e+00
3.552911841113036040e+00
9.478804763188356519e-01
0.000000000000000000e+00
9.482950746563582056e-01
3.552911841050675257e+00
7.148350740469620490e+00
1.078519052728486649e+01
1.346843468048938774e+01
1.444411590443592885e+01
1.344199121242671069e+01
1.077783776057778908e+01
7.261981167441073914e+00
3.960882232033770212e+00
1.902941287789702507e+00
1.813190403153052799e+00
3.922963024198848014e+00
7.896960063603298607e+00
1.289270900986944568e+01
1.774934545556265419e+01
2.127141465038307899e+01
2.255762080446086770e+01
