2.140980111902738514e+01
2.008843442109794353e+01
1.645047598685369650e+01
1.147702254766569574e+01
6.354088150973715265e+00
2.237805035249540886e+00
0.000000000000000000e+00
2.589638953851225445e-03
1.984827439576466013e+00
5.236975050219211170e+00
8.708438297282540930e+00
1.134136990159229974e+01
1.231480278138656814e+01
1.134795466180011125e+01
8.742047046300218227e+00
5.308213360495861011e+00
2.115737114046351675e+00
2.094250287993871806e-01
2.984833310511433302e-01
2.564460501061221809e+00
6.735448199722767981e+00
1.192849508506885670e+01
1.684418837879035280e+01
2.024775344343374428e+01
2.126032891570221395e+01
1.959031975239166101e+01
1.583478981737386171e+01
1.075184616607657873e+01
5.907350643074434693e+00
2.458502936486535173e+00
1.334980764442348367e+00
2.822020459869328590e+00
6.585560956429536539e+00
1.142076974776468568e+01
1.641545562242624356e+01
2.007105652110318061e+01
2.133820338337557132e+01
