2.425379602210777108e+01
2.169913610788281844e+01
1.568032848994661421e+01
9.488402806852775484e+00
5.456227224961590849e+00
3.925696981276296516e+00
3.762550288004456345e+00
3.760393700734715683e+00
3.871839691350924983e+00
5.002877376097732309e+00
7.714200010814003861e+00
1.126401203329568190e+01
1.378914780690972108e+01
1.363358127078644344e+01
1.075954464753237261e+01
6.657559172706251971e+00
3.013667470459229225e+00
7.409491616416059578e-01
0.000000000000000000e+00
7.409491383325899072e-01
3.013667470467782383e+00
6.657559172809197179e+00
1.075954464752733841e+01
1.363358127077601267e+01
1.378914780711543031e+01
1.126401203404283358e+01
7.714200013518951238e+00
5.002877376306074098e+00
3.871839691345755785e+00
3.760393700806714090e+00
3.762550288004445687e+00
3.925696981276249442e+00
5.456227224964795397e+00
9.488402807472969158e+00
1.568032848995034101e+01
2.169913610787906322e+01
2.425379602168872140e+01
