2.438401516303527217e+01
2.172310882816228883e+01
1.585430370275318701e+01
9.494690928125772089e+00
5.595909365501774424e+00
3.985944553613295582e+00
3.784290494780578662e+00
3.811066663269972565e+00
3.883811730374953974e+00
5.001177155659109808e+00
7.714868665949561333e+00
1.125854466647836993e+01
1.378883445420436438e+01
1.363838074677994250e+01
1.075065747371533931e+01
6.659568725309984671e+00
3.015380437562463101e+00
7.431061866725365839e-01
0.000000000000000000e+00
7.431061350022134526e-01
3.015380437526098412e+00
6.659568726519387027e+00
1.075065747396042859e+01
1.363838072831047121e+01
1.378883445194545665e+01
1.125854466161615974e+01
7.714868899833179583e+00
5.001177117529215899e+00
3.883811758321741969e+00
3.811069983629861824e+00
3.784290494089019852e+00
3.985944552666344620e+00
5.595909363541017534e+00
9.494691457005759005e+00
1.585430370272905343e+01
2.172310882817073718e+01
2.438362497128967021e+01
