2.298253508589225191e+01
2.042099053774470008e+01
1.432890538863840035e+01
8.018593069111670246e+00
3.845253783262790215e+00
2.173793874626915645e+00
1.887381404745552160e+00
1.790797575364194927e+00
1.834662628212083035e+00
2.915530595690024818e+00
5.586381529701425208e+00
9.102898831594117723e+00
1.160926871257533222e+01
1.146933907647208173e+01
8.682188303051464828e+00
4.794147946828559270e+00
1.566489804929206642e+00
0.000000000000000000e+00
3.173496980480958740e-01
2.446969959003371997e+00
6.302645408259840210e+00
1.150541902982992681e+01
1.688657133076063843e+01
2.050750502180988022e+01
2.070351264283202042e+01
1.751775361187545244e+01
1.278223306226989919e+01
8.586960641078103862e+00
5.890940369880539151e+00
4.347185551010896987e+00
3.254389616786468764e+00
2.760433377679621714e+00
4.009361523785178960e+00
7.996088412147805968e+00
1.425511714200778002e+01
2.036793066024245036e+01
2.298253566522146940e+01
