2.308200503878214960e+01
2.060290013832963751e+01
1.429934289737498077e+01
8.011221527868773506e+00
3.952265700878442090e+00
2.257348653264193317e+00
1.951016440820857234e+00
1.832758788045249609e+00
1.817373516926941157e+00
2.897879993044319313e+00
5.558667095068475561e+00
9.081064849153404950e+00
1.157848323512346411e+01
1.144878871623435046e+01
8.647069865291570068e+00
4.776459395512002715e+00
1.567350356095984054e+00
0.000000000000000000e+00
3.670767901671005973e-01
2.524419016518126391e+00
6.256554100547585762e+00
1.171702167678103379e+01
1.689568230765862111e+01
2.050807833830513260e+01
2.069530833832925509e+01
1.761150274591769715e+01
1.271336800837435632e+01
8.574324570906139087e+00
6.027757602769238332e+00
4.366924710730238246e+00
3.419908879296887250e+00
2.836948295258505226e+00
4.132457367023981476e+00
8.000613475729835500e+00
1.435995976937503471e+01
2.047898856756897601e+01
2.306896095430522209e+01
