2.707397073940494181e+01
2.541816930947656061e+01
2.118931219546342604e+01
1.714806395154126051e+01
1.318801633950133478e+01
7.472143658641884123e+00
4.813906616273629702e+00
3.717265693173275487e+00
3.844261013051235132e+00
5.637398527775970614e+00
8.622291050676366808e+00
1.185890348641047254e+01
1.382140906343397191e+01
1.350826211311931146e+01
1.092601613642989378e+01
7.126742250333623296e+00
3.452424847909186134e+00
8.994452507232399974e-01
0.000000000000000000e+00
8.994452506660575164e-01
3.452424849325409717e+00
7.126737004943453080e+00
1.092601626305623341e+01
1.350598834214885713e+01
1.382140905598597058e+01
1.185890357828711927e+01
8.622291038260815554e+00
5.637398521989793743e+00
3.844261012080534279e+00
3.717265690455374916e+00
4.813906611785657930e+00
7.309411556435091661e+00
1.318801633688736175e+01
1.714806383838007875e+01
2.118931219884516537e+01
2.541816930898679416e+01
2.719686718973790107e+01
